function fd = fd_fcn_sec5(c,in2)
%FD_FCN_SEC5
%    FD = FD_FCN_SEC5(C,IN2)

%    This function was generated by the Symbolic Math Toolbox version 7.0.
%    05-Sep-2016 09:39:09

dxd1 = in2(3,:);
dxd2 = in2(7,:);
dxd3 = in2(11,:);
dxd4 = in2(15,:);
dxd5 = in2(19,:);
dxd6 = in2(23,:);
dxv1 = in2(1,:);
dxv2 = in2(5,:);
dxv3 = in2(9,:);
dxv4 = in2(13,:);
dxv5 = in2(17,:);
dxv6 = in2(21,:);
dyd1 = in2(4,:);
dyd2 = in2(8,:);
dyd3 = in2(12,:);
dyd4 = in2(16,:);
dyd5 = in2(20,:);
dyd6 = in2(24,:);
dyv1 = in2(2,:);
dyv2 = in2(6,:);
dyv3 = in2(10,:);
dyv4 = in2(14,:);
dyv5 = in2(18,:);
dyv6 = in2(22,:);
t2 = dxd1.*2.0;
t3 = dxd2.*2.0;
t4 = dxv1.*2.0;
t5 = t2-t4;
t6 = dxv2.*2.0;
t7 = dyd1.*2.0;
t8 = dyd2.*2.0;
t9 = dyv1.*2.0;
t10 = t7-t9;
t11 = dyv2.*2.0;
t12 = t2-t6;
t13 = c.*t12.*(1.0./2.0);
t14 = t7-t11;
t15 = c.*t14.*(1.0./2.0);
t16 = dxd3.*2.0;
t17 = t3-t4;
t18 = t3-t6;
t19 = dxv3.*2.0;
t20 = dyd3.*2.0;
t21 = t8-t9;
t22 = t8-t11;
t23 = dyv3.*2.0;
t24 = t3-t19;
t25 = c.*t24.*(1.0./2.0);
t26 = t8-t23;
t27 = c.*t26.*(1.0./2.0);
t28 = dxd4.*2.0;
t29 = t6-t16;
t30 = c.*t29.*(1.0./2.0);
t31 = t16-t19;
t32 = dxv4.*2.0;
t33 = dyd4.*2.0;
t34 = t11-t20;
t35 = c.*t34.*(1.0./2.0);
t36 = t20-t23;
t37 = dyv4.*2.0;
t38 = t16-t32;
t39 = c.*t38.*(1.0./2.0);
t40 = t20-t37;
t41 = c.*t40.*(1.0./2.0);
t42 = dxd5.*2.0;
t43 = t19-t28;
t44 = c.*t43.*(1.0./2.0);
t45 = t28-t32;
t46 = dxv5.*2.0;
t47 = dyd5.*2.0;
t48 = t23-t33;
t49 = c.*t48.*(1.0./2.0);
t50 = t33-t37;
t51 = dyv5.*2.0;
t52 = t28-t46;
t53 = c.*t52.*(1.0./2.0);
t54 = t33-t51;
t55 = c.*t54.*(1.0./2.0);
t56 = dxd6.*2.0;
t57 = t32-t42;
t58 = c.*t57.*(1.0./2.0);
t59 = t42-t46;
t60 = dxv6.*2.0;
t61 = dyd6.*2.0;
t62 = t37-t47;
t63 = c.*t62.*(1.0./2.0);
t64 = t47-t51;
t65 = dyv6.*2.0;
t66 = t42-t60;
t67 = c.*t66.*(1.0./2.0);
t68 = t47-t65;
t69 = c.*t68.*(1.0./2.0);
t70 = t46-t56;
t71 = c.*t70.*(1.0./2.0);
t72 = t56-t60;
t73 = t51-t61;
t74 = c.*t73.*(1.0./2.0);
t75 = t61-t65;
fd = [c.*t5.*(-1.0./2.0)-c.*t17.*(1.0./2.0)+c.*(t4-t6).*(1.0./2.0);c.*t10.*(-1.0./2.0)-c.*t21.*(1.0./2.0)+c.*(t9-t11).*(1.0./2.0);t13+c.*t5.*(1.0./2.0)+c.*(t2-t3).*(1.0./2.0);t15+c.*t10.*(1.0./2.0)+c.*(t7-t8).*(1.0./2.0);-t13+t30-c.*t18.*(1.0./2.0)-c.*(dxv2.*-4.0+t4+t19).*(1.0./2.0);-t15+t35-c.*t22.*(1.0./2.0)-c.*(dyv2.*-4.0+t9+t23).*(1.0./2.0);t25+c.*t17.*(1.0./2.0)+c.*t18.*(1.0./2.0)-c.*(dxd2.*-4.0+t2+t16).*(1.0./2.0);t27+c.*t21.*(1.0./2.0)+c.*t22.*(1.0./2.0)-c.*(dyd2.*-4.0+t7+t20).*(1.0./2.0);-t25+t44-c.*t31.*(1.0./2.0)-c.*(dxv3.*-4.0+t6+t32).*(1.0./2.0);-t27+t49-c.*t36.*(1.0./2.0)-c.*(dyv3.*-4.0+t11+t37).*(1.0./2.0);-t30+t39+c.*t31.*(1.0./2.0)-c.*(dxd3.*-4.0+t3+t28).*(1.0./2.0);-t35+t41+c.*t36.*(1.0./2.0)-c.*(dyd3.*-4.0+t8+t33).*(1.0./2.0);-t39+t58-c.*t45.*(1.0./2.0)-c.*(dxv4.*-4.0+t19+t46).*(1.0./2.0);-t41+t63-c.*t50.*(1.0./2.0)-c.*(dyv4.*-4.0+t23+t51).*(1.0./2.0);-t44+t53+c.*t45.*(1.0./2.0)-c.*(dxd4.*-4.0+t16+t42).*(1.0./2.0);-t49+t55+c.*t50.*(1.0./2.0)-c.*(dyd4.*-4.0+t20+t47).*(1.0./2.0);-t53+t71-c.*t59.*(1.0./2.0)-c.*(dxv5.*-4.0+t32+t60).*(1.0./2.0);-t55+t74-c.*t64.*(1.0./2.0)-c.*(dyv5.*-4.0+t37+t65).*(1.0./2.0);-t58+t67+c.*t59.*(1.0./2.0)-c.*(dxd5.*-4.0+t28+t56).*(1.0./2.0);-t63+t69+c.*t64.*(1.0./2.0)-c.*(dyd5.*-4.0+t33+t61).*(1.0./2.0);-t67-c.*t72.*(1.0./2.0)-c.*(t46-t60).*(1.0./2.0);-t69-c.*t75.*(1.0./2.0)-c.*(t51-t65).*(1.0./2.0);-t71+c.*t72.*(1.0./2.0)-c.*(t42-t56).*(1.0./2.0);-t74+c.*t75.*(1.0./2.0)-c.*(t47-t61).*(1.0./2.0)];
